 164
 165
 164
 163
 160
 150
 122
  94
  84
  83
  82
  84
  85
  85
  84
  85
  90
  90
  88
  87
  95
  96
  92
  92
  94
  97
 100
  99
  95
  95
  95
  98
 105
 106
 109
 118
 114
 113
 120
 128
 129
 125
 124
 124
 124
 122
 127
 126
 126
 131
 136
 137
 138
 130
 126
 126
 124
 133
 138
 141
 147
 147
 146
 143
 146
 143
 144
 145
 145
 146
 147
 149
 150
 152
 157
 154
 153
 150
 151
 150
 150
 150
 153
 152
 155
 156
 158
 159
 158
 155
 155
 155
 156
 154
 156
 157
 155
 157
 159
 157
 159
 157
 156
 156
 157
 156
 157
 159
 159
 161
 162
 161
 162
 158
 160
 161
 163
 163
 164
 164
 163
 160
 159
 160
 162
 162
 163
 163
 162
 160
 160
 162
 161
 160
 160
 161
 159
 159
 162
 160
 160
 163
 163
 163
 163
 163
 163
 160
 160
 164
 165
 164
 164
 160
 161
 160
 164
 165
 160
 164
 162
 163
 164
 163
 162
 161
 162
 163
 163
 162
 163
 162
 161
 158
 158
 162
 163
 163
 164
 164
 163
 163
 162
 160
 163
 163
 164
 165
 165
 164
 163
 163
 163
 164
 164
 164
 165
 164
 164
 165
 164
 163
 161
 163
 163
 164
 165
 165
 165
 163
 163
 164
 165
 163
 163
 163
 164
 164
 163
 163
 164
 163
 163
 164
 164
 165
 165
 165
 165
 162
 161
 164
 164
 164
 163
 163
 163
 163
 163
 163
 163
 164
 164
 164
 164
 165
 165
 165
 163
 163
 161
 161
 164
 165
 164
 161
 164
 164
 164
 164
 163
 163
 163
 163
 165
 164
 162
 160
 163
 164
 164
 165
 165
 165
 165
 165
 162
 160
 162
 161
 161
 161
 164
 164
 165
 165
 163
 164
 165
 164
 164
 165
 165
 165
 162
 164
 162
 162
 159
 162
 161
 162
 164
 163
 161
 163
 163
 163
 164
 164
 163
 160
 161
 162
 163
 164
 163
 163
 164
 164
 164
 164
 162
 163
 164
 165
 165
 165
 164
 163
 163
 163
 163
 163
 164
 165
 165
 165
 164
 163
 162
 163
 163
 165
 165
 165
 165
 165
 165
 165
 165
 165
 163
 164
 165
 162
 162
 165
 165
 164
 163
 163
 164
 163
 163
 165
 165
 165
 165
 164
 164
 164
 164
 164
 164
 165
 165
 165
 165
 165
 165
 165
 165
 165
 165
 165
 165
 165
 164
 164
 165
 165
 165
 165
 165
 165
 165
 165
 164
 164
 165
 165
 165
 165
 165
 165
 165
 165
 165
 165
 165
 165
 165
 165
 164
 163
 164
 164
 164
 164
 165
 165
 165
 165
 165
 163
 164
 165
 165
 164
 164
 165
 164
 164
 163
 162
 164
 164
 165
 164
 164
 165
 165
 165
 165
 165
 165
 165
 165
 165
 165
 165
 165
 164
 164
 165
 165
 165
 164
 163
 162
 163
 163
 163
 163
 164
 164
 164
 165
 164
 163
 164
 165
 164
 163
 163
 164
 164
 164
 164
 164
 164
 164
 165
 165
 165
 165
 165
 164
 164
 163
 163
 163
 164
 164
 165
 164
 162
 165
 165
 164
 163
 164
 165
 165
 165
 165
 165
 163
 164
 165
 165
 165
 163
 163
 164
 165
 165
 165
 165
 165
 165
 165
 165
 165
 164
 164
 165
 161
 164
 165
 165
 163
 163
 164
 162
 163
 165
 164
 163
 165
 165
 163
 163
 164
 163
 163
 163
 162
 164
 163
 160
 163
 163
 163
 165
 164
 163
 163
 164
 163
 164
 162
 163
 163
 162
 162
 163
 163
 163
 164
 163
 163
 163
 163
 162
 164
 163
 162
 162
 165
 165
 163
 163
 164
 163
 164
 163
 164
 165
 164
 163
 164
 164
 165
 165
 165
 165
 164
 164
 165
 165
 165
 163
 163
 163
 163
 164
 165
 165
 164
 164
 165
 165
 165
 164
 162
 165
 165
 164
 164
 163
 163
 164
 165
 164
 163
 164
 165
 165
 165
 165
 165
 164
 162
 165
 164
 162
 163
 163
 163
 162
 162
 163
 163
 160
 161
 160
 162
 164
 164
 163
 163
 162
 161
 162
 163
 163
 165
 163
 163
 161
 161
 163
 161
 161
 164
 164
 163
 161
 164
 163
 163
 161
 157
 161
 160
 158
 158
 159
 161
 160
 158
 157
 155
 158
 150
 152
 149
 147
 147
 146
 144
 142
 134
 129
 125
 125
 120
 116
 113
 111
 105
 105
 105
  93
  91
  87
  83
  83
  81
  81
  80
  75
  78
  76
  75
  74
  74
  74
  74
  72
  72
  75
  76
  74
  74
  74
  74
  76
  71
  74
  73
  73
  74
  74
  72
  72
  74
  74
  75
  73
  73
  74
  71
  71
  72
  72
  71
  74
  74
  74
  76
  73
  71
  74
  73
  72
  72
  73
  73
  74
  73
  73
  74
  72
  72
  75
  72
  72
  72
  76
  73
  73
  74
  73
  72
  71
  70
  74
  73
  72
  72
  73
  73
  73
  72
  71
  72
  71
  69
  72
  71
  74
  73
  71
  71
  72
  73
  73
  74
  74
  74
  71
  73
  74
  71
  74
  74
  73
  72
  72
  73
  72
  74
  74
  74
  74
  72
  72
  74
  73
  73
  72
  72
  73
  74
  75
  77
  79
  84
  90
  87
  90
  95
 101
 114
 125
 131
 134
 138
 147
 150
 154
 155
 158
 159
 159
 157
 160
 159
 157
 159
 161
 160
 159
 159
 161
 162
 161
 161
 163
 164
 163
 158
 163
 164
 164
 165
 164
 162
 162
 162
 163
 163
 165
 164
 163
 163
 161
 159
 159
 157
 152
 150
 148
 149
 142
 129
 128
 123
 111
  90
  87
  81
  76
  76
  76
  74
  74
  74
  74
  74
  72
  71
  71
  74
  74
  74
  73
  73
  73
  73
  74
  74
  74
  74
  75
  77
  78
  81
  89
 105
 128
 137
 146
 147
 150
 154
 156
 157
 158
 157
 160
 158
 156
 154
 150
 137
 127
 117
 108
  94
  81
  76
  74
  74
  74
  75
  73
  72
  72
  72
  75
  80
  85
  97
 112
 130
 142
 146
 149
 152
 150
 143
 132
 100
  82
  76
  74
  74
  74
  74
  79
  87
 103
 118
 128
 139
 135
 118
  98
  81
  75
  73
  74
  80
  91
 115
 131
 129
 104
  79
  74
  76
  85
 102
 120
 115
  88
  75
  74
  81
  99
 124
 112
  74
  76
  93
 115
 105
  79
  76
  86
  98
  97
  80
  79
  86
  87
  73
  75
  88
  96
  77
  75
  86
  92
  75
  74
  86
  93
  80
  76
  87
 101
  90
  76
  79
  97
 106
  95
  75
  74
  90
 105
 114
  90
  74
  77
  91
 111
 120
 101
  81
  75
  77
  84
 105
 122
 134
 119
  92
  77
  74
  74
  76
  86
 104
 119
 133
 141
 138
 126
 101
  78
  74
  72
  71
  73
  82
  88
  93
 106
 132
 137
 145
 149
 150
 148
 142
 132
 106
  86
  80
  76
  74
  74
  73
  73
  74
  74
  74
  74
  78
  84
  91
 110
 127
 137
 145
 149
 151
 152
 152
 153
 157
 159
 159
 158
 154
 154
 147
 141
 135
 123
 109
  96
  87
  79
  76
  75
  74
  72
  73
  73
  73
  74
  73
  71
  73
  74
  72
  73
  73
  73
  74
  74
  73
  72
  74
  74
  75
  78
  79
  83
  89
  94
 107
 119
 117
 128
 142
 149
 149
 156
 157
 161
 161
 163
 161
 158
 158
 158
 157
 158
 159
 162
 163
 163
 162
 161
 160
 160
 160
 161
 163
 163
 161
 160
 161
 162
 162
 162
 159
 160
 160
 159
 158
 160
 160
 156
 154
 152
 152
 153
 148
 145
 144
 137
 130
 123
 114
 104
  96
  92
  87
  85
  80
  79
  78
  75
  74
  74
  73
  71
  73
  74
  75
  74
  74
  73
  74
  74
  74
  72
  73
  74
  74
  74
  73
  73
  72
  72
  73
  73
  73
  72
  72
  72
  73
  73
  72
  72
  73
  73
  74
  72
  72
  72
  73
  72
  72
  73
  73
  74
  73
  72
  72
  72
  72
  74
  75
  73
  73
  73
  73
  73
  73
  72
  73
  72
  72
  74
  74
  73
  72
  71
  70
  72
  74
  71
  71
  71
  73
  72
  73
  73
  73
  72
  72
  73
  74
  74
  73
  73
  73
  73
  73
  74
  72
  72
  73
  74
  73
  72
  72
  73
  72
  73
  76
  73
  75
  75
  75
  78
  79
  79
  82
  85
  86
  88
  90
  92
 100
 108
 102
 105
 113
 121
 128
 135
 125
 126
 136
 138
 137
 140
 146
 151
 151
 148
 151
 154
 155
 155
 155
 160
 160
 160
 159
 157
 160
 157
 159
 161
 158
 160
 162
 160
 160
 160
 160
 160
 163
 160
 159
 159
 163
 159
 162
 163
 161
 163
 165
 164
 162
 161
 163
 163
 163
 163
 161
 162
 164
 163
 160
 160
 162
 163
 163
 163
 164
 163
 161
 165
 163
 163
 163
 162
 163
 162
 161
 163
 163
 159
 159
 160
 161
 161
 163
 163
 164
 162
 160
 161
 162
 162
 162
 163
 163
 164
 163
 163
 163
 161
 161
 160
 160
 163
 165
 164
 162
 163
 161
 162
 163
 163
 164
 164
 164
 163
 164
 163
 163
 164
 165
 164
 163
 164
 163
 164
 164
 164
 163
 163
 163
 163
 164
 164
 164
 163
 163
 160
 163
 164
 164
 165
 164
 164
 163
 163
 165
 164
 164
 165
 164
 164
 164
 165
 163
 163
 164
 163
 163
 163
 164
 163
 163
 163
 163
 162
 160
 160
 161
 160
 162
 162
 162
 162
 163
 163
 164
 164
 164
 160
 160
 164
 163
 160
 163
 163
 165
 165
 165
 164
 164
 165
 165
 165
 164
 163
 160
 164
 164
 163
 163
 163
 165
 164
 163
 163
 163
 163
 163
 163
 164
 165
 165
 163
 159
 162
 162
 163
 163
 163
 163
 161
 164
 163
 163
 165
 164
 163
 163
 164
 164
 162
 162
 163
 163
 161
 161
 163
 164
 164
 162
 163
 164
 165
 164
 164
 163
 163
 164
 163
 163
 163
 164
 162
 158
 161
 163
 163
 163
 163
 163
 165
 164
 160
 163
 162
 160
 162
 161
 162
 163
 163
 163
 163
 163
 163
 162
 162
 164
 163
 162
 159
 164
 164
 164
 163
 163
 164
 162
 160
 163
 163
 163
 161
 160
 162
 163
 164
 165
 160
 162
 162
 163
 164
 161
 163
 163
 165
 163
 162
 164
 164
 163
 164
 165
 165
 165
 165
 165
 163
 162
 164
 164
 163
 164
 164
 163
 162
 160
 161
 163
 163
 162
 162
 163
 162
 164
 164
 160
 161
 160
 163
 165
 164
 163
 163
 164
 164
 162
 163
 163
 163
 162
 160
 160
 164
 165
 164
 163
 162
 161
 164
 163
 163
 162
 161
 164
 164
 162
 162
 162
 163
 163
 163
 162
 161
 160
 161
 160
 162
 161
 164
 160
 160
 163
 163
 164
 164
 163
 162
 161
 161
 162
 162
 162
 164
 162
 163
 162
 162
 162
 160
 163
 164
 164
 165
 164
 161
 160
 161
 163
 163
 163
 162
 162
 162
 160
 160
 160
 162
 162
 160
 160
 159
 156
 156
 158
 157
 155
 155
 156
 157
 161
 161
 160
 162
 161
 162
 160
 160
 163
 162
 158
 158
 161
 160
 161
 160
 161
 161
 159
 160
 161
 162
 160
 160
 160
 160
 160
 157
 157
 154
 158
 159
 157
 158
 158
 159
 159
 159
 159
 157
 159
 160
 157
 158
 158
 157
 157
 157
 157
 159
 159
 159
 159
 159
 159
 159
 159
 161
 159
 160
 159
 157
 159
 159
 157
 155
 159
 155
 157
 157
 158
 158
 159
 158
 155
 154
 154
 155
 156
 158
 157
 157
 154
 151
 156
 155
 154
 152
 152
 153
 154
 152
 154
 154
 154
 155
 153
 153
 151
 152
 150
 151
 150
 150
 150
 154
 153
 150
 147
 147
 148
 148
 145
 138
 137
 139
 139
 139
 139
 135
 126
 125
 126
 131
 127
 125
 125
 121
 123
 121
 118
 117
 120
 118
 109
 106
 101
  93
  98
  95
  92
  90
  87
  92
  89
  89
  91
  90
  87
  84
  82
  87
  85
  87
  89
  85
  83
  79
  79
  81
  80
  78
  79
  80
  76
  79
  74
  75
  74
  74
  75
  76
  77
  75
  75
  75
  75
  74
  74
  74
  76
  77
  74
  74
  74
  75
  75
  75
  75
  74
  73
  74
  74
  74
  75
  76
  73
  75
  74
  74
  74
  75
  73
  72
  73
  72
  73
  74
  72
  73
  73
  75
  73
  74
  73
  74
  73
  73
  73
  75
  76
  75
  74
  74
  74
  74
  74
  73
  73
  75
  72
  71
  72
  73
  73
  70
  71
  76
  76
  75
  74
  75
  72
  74
  75
  74
  75
  74
  73
  75
  77
  74
  75
  76
  74
  76
  73
  73
  73
  73
  74
  73
  76
  75
  78
  76
  78
  83
  95
 119
 144
 160
 165
 165
 165
 165
 165
 165
 165
 165