       0   0.767   -1.34   0.687
       1  -0.895    0.05     1.3
       2   0.388  -0.123  -1.709
       3  -1.283  -0.048   1.381
       4  -0.094   0.384  -0.689
       5  -1.049   0.939   -0.29
       6  -2.281   0.321   1.507
       7   1.486   0.709   0.405
       8   0.274  -0.301  -0.872
       9   0.055  -0.495   0.444
      10  -0.867   -0.11   0.384
      11   0.833  -0.597   0.047
      12  -2.185   0.133   0.491
      13  -0.413   0.731   0.376
      14   0.575    0.19   0.877
      15   1.947  -0.833   -2.27
      16   0.523  -0.729  -1.609
      17  -0.809   1.381   0.575
      18  -0.479   2.131   -1.39
      19   0.693   0.882   0.189
      20   1.207   0.664  -2.264
      21   0.021   0.152   0.244
      22   0.816   0.004   0.456
      23   -0.45   0.652  -0.029
      24   0.378  -0.862  -1.013
      25   0.384   2.113   0.909
      26   0.754  -0.293   0.418
      27  -1.761   0.974   1.036
      28   0.676  -0.127   1.631
      29   1.616   0.612  -0.209
      30   0.448   0.082  -1.754
      31   1.051  -0.546    0.27
      32  -0.449   0.928   0.304
      33  -1.805   1.308   0.323
      34   0.316  -0.489   0.118
      35   0.831   0.035   0.875
      36   0.313   0.822   2.003
      37  -0.582  -0.702   3.318
      38   1.054   0.875   2.122
      39  -1.902  -0.608   1.209
      40  -1.094   1.141   0.662
      41  -1.175   0.423   0.052
      42   0.168   0.718  -1.396
      43   0.484  -0.091   1.069
      44  -0.204   2.067   1.593
      45   0.032     1.4   0.397
      46   0.945   0.977   0.254
      47  -0.115  -0.129   0.896
      48   1.884   0.787     1.9
      49   0.718  -0.729   0.315
      50   2.191   1.225  -1.671
      51  -1.439  -0.331  -0.938
      52   0.366   0.382   1.175
      53   0.647   2.263  -0.606
      54   0.466  -0.398   1.898
      55  -1.554  -0.497   1.995
      56   -0.83   0.815   1.545
      57  -0.514  -0.646   0.175
      58   0.656   0.708   1.114
      59  -0.103  -0.391  -1.151
      60  -0.484   0.521  -0.487
      61   1.428   0.822   0.954
      62   1.029  -0.442  -0.557
      63   0.307   0.839   1.379
      64   1.207  -0.503  -0.278
      65  -0.467   0.271  -1.982
      66   0.655    0.61   0.111
      67   0.704  -0.145   -0.18
      68   1.661   0.912   1.335
      69    2.26   0.373    1.19
      70   0.474  -1.316   0.083
      71   0.371  -0.815   1.275
      72   2.008    0.77  -0.012
      73   0.262   1.242   1.843
      74   0.278  -0.587   1.515
      75   0.935   -0.18  -0.129
      76   -0.57  -0.149  -0.223
      77   0.256  -0.804   1.163
      78  -0.049   0.504   1.762
      79   0.821  -0.631   2.401
      80   0.905  -0.498   2.738
      81   2.283   0.846   0.659
      82   0.951   0.269  -0.255
      83    1.03  -0.034   0.088
      84   0.681   0.484   0.295
      85   1.458   -0.43   0.014
      86   0.672   0.498  -1.643
      87   0.271   1.041  -1.325
      88    0.13   0.443   1.714
      89  -0.332    0.31   2.437
      90   0.895   0.787  -1.108
      91  -1.848  -1.829   0.201
      92  -0.019   0.151   0.309
      93  -0.068   0.511   0.797
      94  -0.673   0.052  -0.166
      95   1.132   0.817  -0.218
      96   0.253  -0.412    0.16
      97   0.208  -1.055  -0.019
      98   0.765   0.574  -0.168
      99   0.615   1.007   1.119
     100  -0.085   0.653   0.165
     101   0.254  -1.037   1.991
     102   1.918   0.362   2.417
     103  -0.011   0.795   1.099
     104  -0.146  -0.386  -0.562
     105   1.196  -0.382  -0.222
     106  -1.578  -0.962  -1.033
     107   0.316   1.994  -0.839
     108   1.542   1.556   0.661
     109   -0.61   0.701   0.518
     110    0.45  -1.883   0.472
     111  -0.468  -1.292   1.712
     112    0.35   1.855   0.698
     113  -0.069   0.428   0.661
     114   0.355  -0.733   0.088
     115   2.527   0.823   3.258
     116  -1.323    0.06   1.969
     117   0.058  -0.821   1.177
     118   0.662  -0.944   1.269
     119  -1.336  -0.273   -0.74
     120  -0.968  -0.707   0.793
     121   1.557  -1.179   0.251
     122   0.827   0.267   0.358
     123   0.112  -0.257   0.962
     124  -0.219   0.875   0.174
     125    1.11   0.445   0.728
     126   0.372  -0.009     2.3
     127  -1.527   0.458   0.258
     128   0.039   -1.41   0.384
     129   -0.07  -2.087   1.539
     130  -0.603  -0.538   0.626
     131   0.432   0.116   0.958
     132   0.619  -0.722   0.616
     133   1.433  -0.247  -1.566
     134   2.846   1.241   0.262
     135  -1.191   0.365   0.386
     136   1.039  -1.304   2.979
     137   0.855   -0.02    2.97
     138  -0.293  -0.099  -0.013
     139   0.151  -0.396   0.744
     140   1.126   0.891   1.322
     141   0.777   1.465    0.05
     142  -0.753   1.247   0.894
     143  -0.681   1.277   1.435
     144  -0.405   0.029   0.599
     145   -0.14  -0.213   3.736
     146   2.264  -0.399   0.538
     147  -0.809   1.387  -0.981
     148   0.917   0.482   1.345
     149   1.254   1.755   1.686
     150  -0.019   0.698   0.264
     151  -1.007     0.7  -1.181
     152  -0.856  -0.652   1.274
     153  -0.111   0.218   0.174
     154   0.561  -0.172  -0.133
     155  -0.155   0.174    0.67
     156   -0.42  -0.318  -0.427
     157   0.993   0.441   2.089
     158   0.282    0.81   0.463
     159   0.865  -0.411  -1.462
     160  -0.101  -0.963   1.795
     161   1.274  -0.154   0.942
     162   1.137  -1.322   1.159
     163   1.574  -0.608  -0.113
     164  -0.836   0.449   1.094
     165  -0.184  -0.487   1.118
     166   1.022  -0.087   0.437
     167   1.238  -0.647    0.63
     168   0.058   0.907  -0.302
     169  -0.238  -0.153   0.055
     170  -0.364   0.819   0.581
     171  -0.941  -0.287   0.063
     172  -0.195   1.283   0.776
     173   0.157   1.421  -1.416
     174   1.264  -0.295   0.815
     175  -1.834   -1.13   1.387
     176  -0.195   0.324   1.408
     177   0.075  -1.031   0.686
     178  -0.492    0.06  -0.008
     179    0.37    0.79   1.559
     180   0.536   1.281   0.387
     181   1.085   0.467   1.828
     182  -1.352  -0.095   0.404
     183   0.073  -0.289  -1.045
     184   0.178   0.446  -0.153
     185   1.095   0.262  -0.408
     186   0.187  -0.039   0.312
     187  -1.627  -0.274  -0.952
     188   0.675   -0.59   1.289
     189  -1.289  -0.448   1.491
     190   0.175   1.848  -0.123
     191   0.262   1.224  -0.304
     192   0.124   0.924  -0.862
     193  -1.173  -0.603   2.587
     194  -1.282  -1.032   1.156
     195    1.31   0.996   0.981
     196   1.899   1.324  -0.437
     197   0.448   0.278   1.078
     198   1.169   0.907   0.836
     199   0.564  -0.514   1.447
     200  -0.385   0.643   0.197
     201   0.685  -0.833   1.074
     202  -0.225   0.834   2.007
     203   0.128   0.434     0.4
     204   0.555   0.735   0.203
     205  -0.562  -0.242    2.71
     206  -0.394   0.197   0.912
     207  -0.598   1.804   1.267
     208  -1.861   0.313   2.594
     209   1.606  -0.172   0.239
     210   0.998  -1.215   1.805
     211   0.116   0.479   2.459
     212   0.958    0.34   0.648
     213    0.29  -0.845   2.211
     214   1.186   0.748   1.373
     215  -0.983   1.232   1.777
     216  -0.668   0.378   0.854
     217    0.09  -1.376   1.004
     218  -1.068    0.35   0.796
     219   2.141   1.534  -0.208
     220  -0.084   1.947   1.515
     221  -1.073   0.436   1.623
     222    0.02   0.296   1.556
     223  -1.551   0.246   2.214
     224   0.523  -0.145   0.255
     225  -0.271   0.566   0.737
     226  -1.379   0.338   1.731
     227   0.271  -0.458   1.197
     228   1.325  -0.299   2.496
     229   0.725  -0.494   0.225
     230  -0.606   0.302   0.179
     231  -0.104   0.724   0.938
     232  -0.571   0.617   1.388
     233  -0.216   1.611   0.184
     234  -0.219   -0.53  -0.359
     235  -0.152  -0.115   1.694
     236  -0.244   0.094   0.484
     237  -0.932   0.225   1.371
     238  -0.756   1.443  -0.538
     239   0.508    -0.7    0.19
     240  -0.824   -0.27   0.388
     241   0.655  -0.876   0.844
     242  -0.111  -0.338   0.274
     243   0.583   0.776   1.451
     244   0.119   0.943    0.28
     245   0.109   0.456   1.388
     246     1.6   0.144   0.536
     247  -1.595   0.161   1.739
     248   -0.25   0.844    1.12
     249  -1.694  -1.698    1.03
     250  -0.647  -0.397   1.023
     251   1.551   1.259   0.125
     252   -0.18    0.03   0.802
     253  -0.306  -0.999   1.756
     254   0.519  -0.212   1.581
     255  -0.665  -0.309   0.877
     256  -0.271   0.277    1.59
     257   0.522   1.088    1.43
     258    -0.4   0.198   0.956
     259  -1.681   0.109   2.829
     260  -2.269   -0.41   1.759
     261  -0.404   1.609   2.828
     262  -0.568  -1.645   0.117
     263   0.277   0.798   2.274
     264   1.202   1.371  -0.885
     265   -1.08   0.826   0.132
     266  -0.742   0.191  -0.633
     267   0.295   0.236   0.636
     268   2.709  -0.065    1.31
     269   2.348  -0.388   3.698
     270  -0.167   1.401   2.617
     271  -0.283    1.58   1.772
     272  -0.252   1.866  -0.169
     273   0.235   0.084   0.224
     274  -0.051  -1.438   2.675
     275   1.278   2.112   2.235
     276   0.503  -0.104  -0.385
     277  -0.533   0.488   1.503
     278   1.083   0.651   1.994
     279   1.285  -0.767   1.122
     280  -1.298  -0.588   2.065
     281   0.738  -0.129   1.693
     282   0.384   0.565   1.377
     283  -1.243   0.906   0.319
     284  -0.627   0.122   1.633
     285  -1.609   0.545   3.044
     286  -1.042  -0.014   0.538
     287   1.036  -1.524   3.248
     288     2.2  -0.143   1.903
     289   0.256  -1.818  -0.063
     290  -0.264  -0.115   1.287
     291   0.443   0.122   1.324
     292   1.221   0.235   1.749
     293   0.497   1.859   1.336
     294   1.937  -0.162   1.855
     295   2.038   0.891   1.905
     296  -1.482  -1.522   1.896
     297   1.916   0.582  -0.537
     298  -1.464  -0.575   1.828
     299  -0.459   1.659   2.302
     300   1.054     0.6  -0.288
     301   2.491   0.176   0.677
     302   1.349   1.097   1.174
     303   1.104    0.01   3.312
     304  -1.347   0.077   1.938
     305   1.368   0.794  -0.042
     306   0.135   0.513   0.294
     307   0.198  -0.666   0.691
     308   -1.39   0.316  -0.195
     309    0.77  -0.663   1.146
     310    0.12    2.49   0.836
     311  -1.711   0.584   2.501
     312    -0.2   -1.07   0.623
     313   0.092  -1.047   0.725
     314   0.422    0.95   0.089
     315   2.485   0.451   0.836
     316   0.764   0.102   1.827
     317   0.294  -0.339    1.64
     318  -0.569  -0.475   0.536
     319   1.552   0.722   1.574
     320   0.809   0.927   1.954
     321  -0.568   0.344  -0.443
     322   1.158   0.811   0.573
     323  -0.376  -0.924   1.527
     324  -0.689   1.286    1.64
     325  -1.364  -0.619   1.521
     326   0.232  -0.658   0.208
     327   1.344   0.043   2.889
     328  -0.018   0.876   0.601
     329   0.388  -1.834   0.422
     330  -1.753   0.971   2.073
     331  -0.069   0.791   1.757
     332   1.294   0.496   0.463
     333   0.454   2.009   1.553
     334    2.15  -2.065   0.387
     335   0.683   0.388   2.478
     336  -0.407  -0.623   1.805
     337   0.363  -0.749   2.155
     338  -1.505   0.592   1.752
     339   0.434   0.423   1.662
     340   0.983    0.33   0.225
     341    1.24   0.735    1.56
     342  -0.473   0.745    3.09
     343   0.959  -0.055   0.746
     344   0.279   0.072   1.775
     345   1.049  -1.294   2.747
     346  -0.175     0.3   1.171
     347   -0.02   0.886   2.942
     348   0.865  -0.674   1.756
     349       0   0.626   0.251
     350   0.206   0.641   2.051
     351   0.902   0.151    2.22
     352  -0.535   1.276   2.116
     353   1.513   0.363   1.426
     354   0.102    1.03   0.577
     355  -0.311   0.967   2.895
     356  -0.827  -0.913    0.52
     357   1.562   0.034   0.069
     358   0.169  -1.556   2.156
     359   1.774   -0.25   2.658
     360   0.076  -0.277   2.298
     361   2.265   0.089   1.476
     362   2.209  -0.021   1.632
     363  -0.983   0.197   0.393
     364  -0.377  -1.521    -0.7
     365   1.923  -1.473   1.441
     366   1.238   0.041   2.549
     367  -1.779  -0.512   1.428
     368    1.13  -0.816   1.793
     369   0.612   0.995   1.021
     370   0.519  -0.829   2.029
     371  -0.173   0.173   1.687
     372   2.796    0.04  -0.309
     373  -0.098   0.386   2.306
     374   2.773    0.62   0.793
     375   1.391   0.338  -1.174
     376  -0.517   0.107   0.261
     377  -0.084   1.001    1.24
     378  -0.463  -0.545   1.117
     379   0.826  -0.128   1.242
     380  -0.508    1.21   2.473
     381   0.285  -0.673   0.306
     382  -0.873   0.266   2.059
     383   0.055   0.065   3.104
     384   0.122   0.454   0.054
     385   0.208    1.68   0.063
     386   0.678  -0.076   2.492
     387   2.504   1.416   2.659
     388   1.318  -0.686   1.837
     389   1.859   0.189   0.779
     390  -0.144   0.364   1.469
     391  -0.458  -1.376   2.204
     392  -0.017  -0.308   0.543
     393   0.475   0.344  -0.188
     394   0.034  -0.968   0.957
     395  -2.092  -0.263   2.503
     396   -1.53   0.207    0.89
     397   0.829  -1.254  -0.429
     398   0.291   0.946   3.101
     399   0.638    0.61   2.164
     400  -0.205   0.297   2.549
     401  -1.026   0.571   1.528
     402   1.014   0.361    0.25
     403  -1.762  -1.859   2.715
     404   0.078  -1.028   1.022
     405  -0.221   0.588   0.586
     406  -0.588  -0.054   1.169
     407  -1.176   0.773   1.633
     408  -0.374    0.61  -0.573
     409  -1.501  -0.182    1.77
     410   0.492  -1.805  -0.143
     411  -0.213   0.055    0.57
     412   0.708  -0.189   1.791
     413  -0.107   0.575   3.419
     414   1.657   1.478   2.183
     415   0.965  -0.808   1.897
     416   0.145  -0.185   1.659
     417    0.92   0.157    1.71
     418  -1.025   1.223  -0.047
     419  -0.212  -0.186    0.45
     420  -0.592   -0.59   2.311
     421  -0.672  -0.179   1.629
     422   1.597   0.195   1.821
     423   0.164  -0.311   2.123
     424   -0.22  -1.494   2.555
     425  -0.305  -0.625   1.717
     426  -0.193  -0.228   1.282
     427   0.483   1.263   2.532
     428     2.5   0.601   1.213
     429   -0.39   0.425   2.294
     430  -1.166  -0.663   2.017
     431   1.321   1.194   2.097
     432  -1.208  -0.059   1.392
     433    -1.1  -0.047   3.323
     434  -0.952   1.538   1.605
     435  -0.078  -1.244   2.732
     436   0.066   0.222   2.713
     437  -1.141   0.396    0.46
     438  -0.205   0.933   3.227
     439  -0.573  -0.188   1.903
     440   1.181   0.713   0.498
     441  -0.287   0.636   2.789
     442    0.95  -1.196   2.101
     443   0.614   1.817   1.356
     444   1.742   0.771   3.168
     445  -0.864   0.488   2.784
     446   0.184   0.163   1.256
     447   0.266   0.525   3.668
     448  -0.108  -0.536    2.17
     449  -1.024   0.727   2.601
     450    0.16  -0.591  -0.455
     451   1.741  -0.145   3.735
     452   0.662   0.132   1.127
     453  -0.281   1.054   1.229
     454   0.639  -1.779   1.045
     455   0.249   1.459   3.359
     456  -0.023   0.697   0.457
     457  -0.177   -0.25   3.079
     458   0.523    1.02   3.305
     459   1.195   0.524   2.349
     460   1.948    1.11   1.954
     461  -0.622   1.366   1.451
     462   0.633  -1.372     2.2
     463   0.628   -1.58   0.127
     464  -0.012  -1.673   1.699
     465   -2.19  -0.581   1.269
     466   0.519  -0.919   3.585
     467  -0.046  -1.029   1.643
     468   1.349   0.172   0.895
     469   1.038   2.529   2.166
     470  -1.585   0.831   1.473
     471   3.084   1.455   1.588
     472   0.214  -0.098   1.366
     473   0.729   1.286   3.294
     474   1.524  -0.124    1.79
     475    2.09  -0.515   1.846
     476   0.731  -0.545   2.715
     477  -1.539    -0.3   0.759
     478   0.304   0.457   2.583
     479  -1.465   0.727   3.196
     480  -0.496   0.299    1.98
     481   2.097  -0.601   2.681
     482   -0.45   0.013   2.744
     483  -0.167  -0.432   0.943
     484    1.41  -1.241   3.271
     485  -0.254  -0.222   4.336
     486   0.071   0.346   2.079
     487   0.419  -1.113   2.112
     488  -1.185  -0.408    2.09
     489  -0.618  -0.026   2.024
     490    0.36  -0.973   2.552
     491   -0.72   1.308   1.268
     492   1.901  -0.935    2.44
     493   0.692   1.517   3.633
     494   0.268  -2.044   2.181
     495   0.859  -0.213   1.759
     496  -0.064  -1.509   2.826
     497   0.648  -0.743   2.597
     498  -0.462  -0.413   1.712
     499  -1.482  -0.134   2.676
     500   -0.49   -0.88   3.688
     501  -0.386   1.734   2.651
     502   1.249   1.905   2.365
     503   0.012   -0.35   3.993
     504   0.501  -0.563   3.359
     505  -0.712  -0.555   2.654
     506   1.617   0.848   0.805
     507   0.651   1.471   2.065
     508    1.39   0.141   3.025
     509   0.232   0.852   2.064
     510   0.384    1.76   2.718
     511   1.253   -0.52   0.562
     512  -0.014  -0.929   3.391
     513   0.608  -0.774   1.981
     514   0.982   0.452   1.025
     515   1.701    0.39   2.378
     516  -1.193  -0.675    3.27
     517  -0.134  -0.379   1.469
     518   1.484  -1.415   2.653
     519  -0.092  -1.118   0.261
     520  -0.419   1.143   2.785
     521   0.552   0.289   1.367
     522   0.942  -1.948   2.219
     523    0.02   1.008   3.482
     524  -0.368  -1.696    2.14
     525   0.156  -0.037   1.371
     526   1.068   0.515    3.48
     527  -0.735  -0.207    2.71
     528  -1.911   1.645   1.889
     529  -0.047   0.118   3.198
     530   2.012   0.886   1.545
     531   0.059    0.76   4.035
     532  -0.401   0.004    2.55
     533  -0.384   0.835   1.566
     534   0.774  -0.446   2.211
     535   0.308   1.281   3.211
     536   1.007  -0.358   3.196
     537    0.68   0.264   3.572
     538   0.077  -0.854   2.148
     539  -0.002   0.946   2.338
     540   1.333  -1.914   2.827
     541   1.072   1.846   1.633
     542   0.513   1.306   2.944
     543  -0.215   0.369   2.058
     544   1.563   -1.23   1.653
     545   0.145   0.946   3.286
     546  -0.232  -0.993    3.75
     547   1.267   0.517   3.344
     548   0.645  -0.421   2.024
     549   1.536   1.494   2.597
     550  -0.266   0.231    1.97
     551  -0.051   0.202   2.176
     552  -1.141  -0.526   5.054
     553   1.295   0.465    3.85
     554   1.268  -0.146   1.142
     555   0.397   0.336   1.098
     556   0.096  -0.581   2.652
     557  -1.556  -0.228   2.389
     558   0.643   0.462   1.041
     559   -1.49   0.227   0.513
     560   1.857   -1.63   2.261
     561   1.582    0.03   3.406
     562  -0.105   1.931   0.924
     563   0.518  -0.256   2.386
     564  -0.198   0.849   4.666
     565   1.327   0.301   2.607
     566  -0.895  -0.764   1.141
     567  -2.332  -0.487   3.788
     568   0.275  -1.398   2.598
     569  -2.049  -0.345   1.376
     570   0.574   1.025   3.665
     571  -0.474  -0.012   0.877
     572   0.878   0.684   2.169
     573    0.63   1.569   3.061
     574   0.195  -0.743   2.687
     575   1.732  -0.142   0.599
     576   0.966  -0.101   1.932
     577   2.366   1.161   1.111
     578    0.95  -0.065   2.264
     579  -0.156  -1.148   2.594
     580   1.417   1.115    3.51
     581  -0.014   0.628   1.341
     582  -0.369  -0.966   2.453
     583  -0.323    0.38    4.26
     584   0.145    1.71   1.868
     585   0.392   1.523   2.744
     586  -0.192   0.422   2.393
     587  -0.894  -0.329   1.774
     588  -0.966   0.816    2.33
     589  -0.513  -0.791     2.6
     590   1.204  -0.354   0.891
     591  -1.408  -0.059   3.535
     592  -1.271   2.036   2.459
     593  -0.452   -0.05   2.924
     594   0.499   0.881   3.227
     595  -1.656   0.991   2.457
     596   0.117  -0.832   2.454
     597   0.989  -1.735    3.66
     598  -0.476   0.957   3.473
     599  -1.033  -0.467   1.496
     600  -1.482   -0.96   2.741
     601  -0.702   0.526   4.214
     602   0.434  -0.446   3.014
     603   0.549   1.388   1.287
     604   0.627  -1.276   2.813
     605  -0.356   0.536   1.755
     606  -0.355   1.052   2.457
     607  -0.442   0.141    2.37
     608   -0.19   1.435    2.53
     609   1.149   0.054   1.513
     610  -1.353  -1.246   3.894
     611    0.87   0.163    2.55
     612  -1.321  -0.197   0.935
     613   1.365   1.228   3.817
     614   0.547  -0.538   1.819
     615   1.997  -1.118   3.075
     616   0.171  -1.322   1.664
     617   0.805  -1.329   3.401
     618   0.995  -0.178   3.475
     619   1.845    0.23   0.257
     620  -0.957  -1.418    3.27
     621   -0.62   1.295   2.882
     622   0.475   -1.47   2.753
     623   -0.31   1.031   2.116
     624  -0.511   0.462   3.655
     625   1.659   1.643   2.944
     626  -0.315   1.872   2.843
     627   1.151  -0.284   1.087
     628  -0.503   0.816   2.503
     629   2.287    1.59   2.472
     630   1.494   0.772   2.217
     631  -0.792   1.504   3.121
     632  -0.644   0.531   3.348
     633   1.154  -1.254   4.207
     634  -0.266   1.774    2.96
     635  -0.947  -0.496    2.59
     636  -0.317   0.359   1.038
     637  -0.076   2.085   2.411
     638   1.018    1.13   3.614
     639   -0.53  -0.287    4.73
     640   0.253  -1.235    2.96
     641  -0.248   0.605   2.557
     642  -1.553  -0.001    4.78
     643  -1.015  -1.196   3.038
     644   0.845   1.411   4.419
     645   0.046  -0.014   2.384
     646    -1.7  -2.018   1.551
     647   -0.59   0.687   1.538
     648   0.568  -3.025   0.056
     649   1.351  -0.972   3.265
     650  -0.283   1.525   1.649
     651   1.668  -2.391   2.559
     652    0.72  -0.301   1.819
     653  -0.387  -0.176   3.664
     654   0.781   0.584   2.209
     655   0.579   0.739   1.021
     656   0.537   0.399    4.28
     657   3.281  -0.435   3.079
     658  -0.239   1.035   2.901
     659  -0.582   1.278   2.304
     660   0.331   2.768   3.491
     661  -0.359  -0.899    3.46
     662  -0.108   1.222   3.225
     663  -0.007   0.661   3.084
     664  -2.735   0.506   2.855
     665   0.265   0.158  -0.232
     666   0.458   1.017   2.282
     667   0.353   1.099   4.164
     668  -1.185  -1.009   4.033
     669   0.327  -0.258    3.43
     670  -1.228   0.302   4.448
     671  -0.165    0.89   2.133
     672   0.513  -0.084   2.704
     673   1.287   -1.37   2.097
     674   1.301   0.228   3.624
     675  -0.651   0.996   2.614
     676   0.754   3.061   2.514
     677    0.51  -2.088    3.25
     678  -0.659   0.765   3.734
     679   1.948   0.602     4.3
     680  -0.551  -1.315   3.237
     681   0.173   -0.05   4.116
     682   0.662  -1.052   4.462
     683   0.642   2.521   2.072
     684   0.032  -1.172   4.308
     685  -1.256  -1.373    2.27
     686   1.936  -0.229   2.933
     687    0.57   -1.36   3.329
     688   -1.83   1.297   3.076
     689   0.435   1.297   2.829
     690   0.047  -1.562   2.787
     691   0.018  -1.357   1.995
     692  -2.044   0.912    2.16
     693  -0.751  -0.355    3.54
     694   -1.08   -1.62    4.01
     695   1.085   0.315   3.189
     696   0.537   0.723   1.836
     697  -0.316   1.699   1.705
     698  -1.039   -0.82   2.834
     699  -0.372   0.886   2.459
     700  -1.812  -1.937   3.316
     701  -1.224   0.267   2.702
     702  -0.797  -0.473   3.021
     703  -0.393  -1.113   2.261
     704   1.748  -0.577   3.259
     705   2.028   1.781   3.789
     706   0.449   0.185   4.426
     707   1.484   1.231   3.219
     708  -1.748   0.552   2.008
     709   0.351  -0.885   0.549
     710    0.16  -2.108   2.184
     711    0.28  -1.272   2.724
     712   0.265   0.453    3.92
     713   1.108  -0.469   1.608
     714  -0.169  -2.241   2.839
     715   0.904   0.784    1.61
     716  -0.865   2.385   1.978
     717   0.399   0.185   2.815
     718   0.341  -0.343   3.825
     719  -0.721  -1.046   0.839
     720  -0.516   1.596   3.125
     721  -0.049  -0.711   3.694
     722    0.76  -0.142   2.972
     723   2.108   1.007   2.397
     724   0.175   0.788    1.78
     725  -0.693   0.378   2.839
     726   1.279   1.223   2.681
     727  -0.613   0.726   3.287
     728  -0.651  -0.383   2.135
     729   0.147   0.797   2.444
     730   2.307   1.345   2.505
     731  -0.759    2.37   2.064
     732   -0.18  -0.274   3.381
     733  -1.239   1.097   3.075
     734  -1.535  -0.601   3.058
     735   0.194  -1.591   3.191
     736   0.384   1.676   3.213
     737    0.63    2.12   1.161
     738  -0.758  -1.169   3.728
     739  -0.758   0.421   4.221
     740   0.792    2.34   4.669
     741   0.283  -0.294   2.933
     742   0.778  -2.061    2.78
     743  -0.543  -0.144   3.472
     744   0.243   1.705   1.941
     745  -0.216     1.1   4.168
     746    0.48   0.359   3.926
     747   1.169  -1.391    3.42
     748  -0.822   0.097   2.426
     749   0.608    0.76   2.306
     750  -0.211    1.62   3.199
     751   -0.72  -0.911   2.951
     752   1.167   -0.94   3.469
     753  -1.029  -0.575   2.737
     754   2.539   1.648   2.034
     755   1.658   0.986   2.418
     756   0.615   1.707   2.969
     757   1.619   -0.27   3.926
     758   1.107  -0.178   2.928
     759  -0.222  -1.694   2.878
     760  -1.257   0.795   3.463
     761   2.766   0.589   4.685
     762  -0.987   0.351    4.56
     763   0.906    0.57   2.431
     764  -0.034   0.657   4.647
     765   0.737  -0.367   1.734
     766   1.771    0.02   2.184
     767   1.585  -0.482   2.905
     768  -0.737  -0.475   3.195
     769   0.226   0.192   3.464
     770   0.079  -0.775  -0.039
     771   1.493   0.878   1.479
     772   0.185  -0.875   3.641
     773  -0.813   1.583   2.979
     774   0.987   0.794    4.74
     775  -0.654  -0.594   3.777
     776   0.421  -2.076   3.623
     777    1.22  -0.932   3.809
     778  -0.541  -0.976   2.707
     779  -0.013  -0.292   4.288
     780   0.443   0.193   2.888
     781  -1.079    0.88   3.563
     782   0.844   0.626   3.434
     783  -2.472  -0.546   2.236
     784   1.373  -0.667   3.433
     785  -0.319  -1.224   2.506
     786  -0.691  -1.308   3.896
     787   0.572  -0.391   2.629
     788   0.222    1.49   2.993
     789   0.257   0.488     4.4
     790  -1.239  -0.265   4.287
     791  -0.048  -0.765   4.114
     792  -1.266    1.81   3.375
     793  -0.421   1.066   3.142
     794   0.425    0.09   3.077
     795   0.374  -2.318   2.782
     796   0.697   1.003   3.015
     797   0.623   2.102   3.384
     798  -0.669   1.504   3.676
     799  -0.146    1.48   4.871
     800   1.089   0.578   3.338
     801   2.463  -0.366   1.892
     802   -0.61  -2.014   2.957
     803  -1.112   1.275   2.732
     804   0.663   1.728   3.223
     805   0.831    1.93   2.248
     806  -2.308  -0.339   3.279
     807   0.616   0.495   2.034
     808  -0.121   0.039   2.891
     809   1.705   1.483   3.579
     810     1.7   0.664   1.134
     811   1.996  -0.013   3.483
     812   0.594    0.22   3.414
     813  -0.454   0.416   3.509
     814   1.431    1.41   3.522
     815   0.154    0.38   4.228
     816   0.514  -0.786   3.125
     817  -0.414   1.297   4.054
     818  -0.128  -0.627   1.559
     819    0.29   -0.86   3.468
     820   0.538   0.263   2.765
     821  -0.435   -0.47   2.976
     822   1.563  -1.074   2.335
     823  -0.507   0.386   3.505
     824    0.23  -1.423   1.055
     825   1.277    0.74   1.291
     826  -0.095   0.568   1.803
     827   1.831  -0.368   2.521
     828   0.272   0.096   2.666
     829   -0.31  -0.843   4.915
     830  -1.031   0.589   3.973
     831  -0.647  -0.196   4.571
     832  -0.983   0.784   3.084
     833   1.735   -0.94   3.309
     834   0.591  -1.058   3.781
     835  -0.072   -0.34    1.76
     836  -0.888   0.771   3.957
     837  -0.366  -1.568   4.324
     838  -0.613   0.871   4.657
     839  -0.234   1.178   3.816
     840    0.25  -0.041   3.862
     841    0.68  -2.476   5.378
     842  -0.847   2.331   3.716
     843   1.138  -0.676   2.461
     844   0.028   1.318   3.851
     845   1.203   0.297   5.098
     846    1.45   0.002   2.134
     847   1.277   0.917   4.486
     848   0.096  -0.758   2.644
     849   0.517  -0.273   3.805
     850   0.742   1.103   1.814
     851   0.837  -1.076   1.145
     852  -1.621   0.937   3.357
     853   1.333  -0.634    1.95
     854   0.456   0.907   3.968
     855   0.204  -0.752   5.077
     856    0.84  -1.753   3.263
     857  -2.496  -1.775   1.996
     858  -0.996   1.303   3.392
     859   0.566   2.933   3.656
     860   0.099    2.05   1.811
     861  -2.371  -0.923   3.738
     862  -0.441   1.368   2.866
     863   2.186  -0.181   4.802
     864  -1.617   1.737   1.705
     865   0.008   0.576   3.238
     866   0.042   -0.73   3.668
     867   0.624   1.177   3.598
     868  -1.436  -0.798   3.575
     869  -1.311  -0.369   3.629
     870   0.345   0.554   3.185
     871   1.946   0.048   3.252
     872    1.03    0.12   1.612
     873   2.335  -0.497   3.347
     874   0.101  -1.564   3.827
     875   0.305  -0.526    4.41
     876  -1.929   0.659   4.901
     877  -1.552   0.054   2.587
     878   1.037    3.08    3.66
     879   0.078  -2.224   3.745
     880   0.225    0.02   4.447
     881  -0.057   0.643   4.066
     882  -0.176   2.043   3.393
     883  -1.648  -1.157   3.797
     884  -0.149    2.05   4.075
     885   0.012  -1.286   4.025
     886  -0.163   0.367   0.893
     887   1.289    1.03   4.464
     888   0.447  -1.355   3.666
     889   1.698   1.048   1.502
     890   0.655   1.924    2.83
     891     0.9   1.633   3.707
     892   0.843   1.189   4.169
     893  -2.073   0.435    4.35
     894   1.023  -0.474    4.07
     895   2.104   -3.01   3.209
     896   0.928   1.851   4.183
     897  -0.916  -0.816   1.759
     898   0.163  -0.238   3.071
     899  -0.291   0.334   3.502
     900   0.272  -1.768   3.583
     901   0.144  -3.444   3.805
     902  -0.086  -1.371   1.869
     903   1.223  -0.725   4.184
     904   0.839   1.452   4.944
     905   0.738  -0.761    2.77
     906   0.335     3.4   2.952
     907  -0.369   0.676   3.046
     908   -0.59  -0.534   1.737
     909   0.337     0.1    4.44
     910    0.79   1.575   2.938
     911   1.179  -0.641   3.676
     912    1.85  -0.155   3.161
     913  -0.986   1.032   3.889
     914   1.484  -0.435   3.443
     915   0.412  -0.301   2.635
     916   0.113   2.405       5
     917     0.1   0.097   3.357
     918  -0.679    0.26   3.107
     919   1.053  -2.551   5.485
     920  -0.116   1.916   4.481
     921   1.643  -1.197   3.417
     922  -1.078  -1.294   4.472
     923   0.946   0.211   2.723
     924  -0.278   0.028   2.916
     925   1.235  -1.172   3.889
     926   0.605   -0.98  -0.053
     927   1.459   1.462   4.652
     928   1.171   -0.52   3.749
     929   1.118   0.957   3.255
     930   0.232   2.238   2.693
     931   1.747  -1.171   2.854
     932  -0.414   0.451   4.564
     933   -0.63   0.449    3.73
     934    1.24   0.558   4.908
     935     1.3   2.202   3.012
     936   0.836  -0.971   4.479
     937   0.433   1.401   4.827
     938   0.549  -1.194   1.255
     939  -1.824   -1.41   5.803
     940   1.738  -0.976   3.219
     941  -0.976   1.015   5.323
     942   0.921   0.062   5.343
     943   0.433   1.079   4.213
     944  -0.388   2.273   3.312
     945   0.596  -0.618     3.6
     946   1.104  -0.176   5.715
     947   0.944   0.423   3.001
     948   0.657   0.145   4.976
     949  -0.778   1.131    4.87
     950  -0.476   1.015   4.396
     951   1.382  -0.592   2.894
     952   0.318   0.394   4.293
     953  -0.199   0.517   5.012
     954   0.047   1.828    6.07
     955  -0.373   1.215   3.145
     956   -0.89   0.973   2.843
     957  -0.672   0.002   3.596
     958   0.597  -1.092   4.589
     959   0.238   1.591   3.734
     960   1.225  -0.969   3.463
     961   2.599   1.318   4.471
     962   0.835  -0.005   4.066
     963   0.515   0.738   4.793
     964    1.73   1.729   2.582
     965  -0.033   1.886   4.669
     966  -0.006  -0.481   3.748
     967   0.561  -0.657   4.539
     968  -0.062  -0.005   3.881
     969  -0.432  -0.114   3.048
     970  -2.433   1.001   4.505
     971  -0.566   0.515   3.028
     972   0.238   1.184   4.924
     973   1.778  -0.969   3.503
     974  -0.156   0.686   4.307
     975   1.756     1.8   3.598
     976   2.703  -1.871   4.858
     977  -0.346  -0.419   4.116
     978   0.301    0.24   4.508
     979   1.867  -1.315   5.432
     980  -0.584   0.262   3.633
     981   1.083   0.935   3.763
     982   0.301  -1.923   3.542
     983   0.984   1.061   4.066
     984  -1.241   -0.33   1.781
     985    2.29  -1.201   4.633
     986   -0.72   1.277   2.394
     987  -0.216  -2.967   4.917
     988    1.31   0.483    3.53
     989   1.087  -0.867   2.859
     990  -0.388  -2.216   4.581
     991  -1.579  -3.382    4.44
     992  -1.275    2.39    3.71
     993   1.357   0.785   2.555
     994   0.626   0.934   3.059
     995  -1.795   0.035   4.113
     996  -0.369  -2.264   4.822
     997  -0.188   1.345    4.58
     998  -0.553   2.149   5.266
     999  -0.763   0.326   6.055
    1000   0.425  -0.679   4.643
    1001   0.635  -0.201   4.483
    1002  -1.585   0.746   4.375
    1003  -0.136  -0.408   6.619
    1004   0.446  -0.866   4.276
    1005   0.021   1.644   4.151
    1006    0.29   2.034   5.514
    1007   1.259    1.02   2.976
    1008   1.802   0.891   4.511
    1009   0.118   -0.37   2.647
    1010  -1.321   0.392   5.693
    1011   0.198   1.337   3.272
    1012  -0.459  -1.958   4.195
    1013  -0.554   0.164   2.882
    1014    0.69  -0.241   3.562
    1015   0.352  -0.303   3.967
    1016  -0.438   0.839   3.602
    1017  -0.434  -1.158   3.869
    1018   0.144    0.71   3.098
    1019   1.679  -0.536   4.279
    1020  -0.764     0.3   3.078
    1021   0.386   0.924   3.055
    1022   0.196   1.807   3.373
    1023   1.192  -0.175   2.882